   2.0060115e+07   3.3960877e+01   2.5157709e+01   9.1816824e+01   9.1919760e+01   1.5139879e+02
   2.0060215e+07   1.2167668e+01  -4.0569880e+01   3.8783711e+01   7.2312652e+01   6.7510617e+01
   2.0060315e+07   4.7386532e+00  -7.2517337e+01   2.7825625e+01   7.4809685e+01   6.0114337e+01
   2.0060415e+07   2.9150871e+01  -3.8742765e+01   6.7769971e+01   1.0027535e+02   1.2692383e+02
   2.0060515e+07   2.5917072e+01  -4.0789668e+01   6.0114812e+01   7.3089041e+01   1.1634013e+02
   2.0060615e+07   7.2184507e+00  -7.6546784e+01   1.6881344e+01   3.7121646e+01   4.1231818e+01
   2.0060715e+07  -2.8346660e+01  -6.1604546e+01  -3.3019009e+00  -3.1281984e+01   1.6202437e+01
   2.0060815e+07  -5.8706659e+01  -2.7792399e+01  -2.0030541e+01  -1.2419612e+02  -9.3239282e+00
   2.0060915e+07  -7.9898151e+01  -1.7703046e+01  -3.9174186e+01  -1.7294434e+02  -3.4419286e+01
   2.0061015e+07  -5.3095231e+01   5.4702200e+00  -4.3656061e+01  -1.6548712e+02  -6.8977709e+01
   2.0061115e+07  -2.4670519e+01   1.5551653e+01   9.3492243e+00  -3.0665147e+01   1.7237969e+01
   2.0061215e+07  -2.0597983e+01  -3.3524192e+00   2.7432881e+01   3.6990207e+01   5.3563986e+01
   2.0070115e+07   6.7131190e+01   6.2517164e+01   9.5569422e+01   1.1824952e+02   1.3331733e+02
   2.0070215e+07  -2.6466174e+01  -4.7587900e+01   1.0770193e+01   4.0149632e+01   3.8307257e+01
   2.0070315e+07  -2.4872463e+01  -8.8167047e+01  -1.5399069e+01   4.5436235e+01  -1.4004137e+01
   2.0070415e+07   3.3851319e+01  -3.3301849e+01   2.5302260e+01   7.8574534e+01   2.6663268e+01
   2.0070515e+07   8.8355842e+01   1.2227501e+01   5.5542554e+01   9.3771071e+01   5.2397741e+01
   2.0070615e+07   7.6927042e+01   4.3650394e+00   4.6530628e+01   7.8197579e+01   4.3998299e+01
   2.0070715e+07  -8.3748948e+00  -3.1354749e+01  -1.3478768e+01  -2.9794119e+01  -2.6515900e+01
   2.0070815e+07  -5.7277583e+01  -1.7501948e+01  -4.5279102e+01  -1.2462889e+02  -6.5013352e+01
   2.0070915e+07  -4.1264251e+01   1.7587816e+01  -4.3393213e+01  -1.5591122e+02  -7.5095522e+01
   2.0071015e+07  -3.6107895e+01  -4.1581480e+00  -5.4608795e+01  -1.1946400e+02  -1.0287580e+02
   2.0071115e+07  -4.3243834e+00   4.8126393e+01   1.4783040e+01  -3.5296158e+01   1.5842694e+01
   2.0071215e+07   2.5114665e+01   5.5449270e+01   1.9698900e+01  -1.7010624e+00   7.1114968e+00
   2.0080115e+07  -3.7410195e+01  -4.5194153e+00  -5.0147107e+00  -1.4805294e+01   6.8258865e+00
   2.0080215e+07  -3.9325021e+01  -2.9461958e+01   1.4271007e+01   3.6129818e+01   6.0640589e+01
   2.0080315e+07   2.3908601e+01  -1.5696077e+01   4.5234051e+01   1.0025145e+02   8.1926311e+01
   2.0080415e+07   1.8435130e+01  -3.6443874e+01   2.3107837e+01   7.7239335e+01   4.1582232e+01
   2.0080515e+07   4.6215292e+01  -3.0784002e+01   1.1631957e+01   5.8116361e+01  -5.7496156e-03
   2.0080615e+07   3.5676646e+00  -9.0999038e+01  -1.9307182e+01   6.3581142e+01  -2.7433122e+01
   2.0080715e+07   9.6901487e+00  -3.4147378e+01  -2.9886539e+01  -3.1639687e+01  -6.6931830e+01
   2.0080815e+07  -4.3796323e+01  -3.5913483e+01  -6.4830741e+01  -1.1403159e+02  -1.0706057e+02
   2.0080915e+07  -4.8475770e+01  -1.6397488e+01  -6.8919821e+01  -1.4029114e+02  -1.1798009e+02
   2.0081015e+07  -2.3648139e+01   2.0874709e+01  -3.7715987e+01  -1.0955835e+02  -7.6022201e+01
   2.0081115e+07  -5.3010355e+01  -8.3787388e+00  -4.8449881e+01  -1.0584709e+02  -7.7729645e+01
   2.0081215e+07  -1.2136536e+01   2.3132713e+01  -2.1558823e+01  -5.6063058e+01  -4.6133417e+01
   2.0090115e+07  -1.1267070e+01  -2.3268149e+01  -2.7075132e+01  -3.3370801e-01  -4.9771543e+01
   2.0090215e+07   2.2435846e+01   3.3504717e+00   3.1316220e+00   3.4033826e+01  -9.9628791e+00
   2.0090315e+07   5.8410424e+00  -1.6262789e+01   2.0636946e+01   5.4839274e+01   4.4070656e+01
   2.0090415e+07   1.1076227e+02   3.5038755e+01   6.9135945e+01   1.2277503e+02   7.0399695e+01
   2.0090515e+07   6.1085099e+01  -3.8782895e+01   1.4810561e+01   8.4721125e+01  -1.4638984e+00
   2.0090615e+07   3.9554928e+01  -5.6384988e+01   1.9357734e+00   5.7868120e+01  -1.1311748e+01
   2.0090715e+07   5.1494590e+01  -1.8203157e+01  -9.9256774e+00  -9.5116082e-01  -5.2770139e+01
   2.0090815e+07   4.7669139e+01   2.4393790e+01  -3.1961697e+00  -3.8036865e+01  -4.2956781e+01
   2.0090915e+07   4.2542878e+01   3.8979667e+01  -1.5977847e+01  -7.1597248e+01  -7.1691471e+01
   2.0091015e+07   3.7460077e+01   4.6639417e+01  -1.5181756e+01  -5.7910556e+01  -6.6662947e+01
   2.0091115e+07   3.5189055e+01   5.4806708e+01  -1.0823276e+00  -3.5346358e+01  -3.7221477e+01
   2.0091215e+07  -1.3392220e+01   1.2488037e+01  -3.6951064e+01  -5.5076144e+01  -7.0532560e+01
   2.0100115e+07  -7.9377382e+00   3.4532192e+00  -1.2418268e+01  -4.1579451e-01  -2.1465348e+01
   2.0100215e+07   5.5276626e+01   7.3020765e+01   5.2867538e+01   3.1893644e+01   6.8703958e+01
   2.0100315e+07   1.4079273e+02   1.5222216e+02   1.3095598e+02   9.0751409e+01   1.6863178e+02
   2.0100415e+07   1.5273969e+02   1.3593297e+02   1.2595779e+02   1.0307020e+02   1.5287468e+02
   2.0100515e+07   7.2215889e+01   1.1145136e+01   3.5072225e+01   6.5442104e+01   3.2749725e+01
   2.0100615e+07   8.7345746e+01  -4.7914309e+00   3.5010713e+01   9.1833131e+01   2.3713629e+01
   2.0100715e+07   8.6748843e+01   3.1852680e+01   3.8584408e+01   3.9930696e+01   2.7264179e+01
   2.0100815e+07   9.2628582e+01   8.7862983e+01   4.1294807e+01  -2.2826285e+01   2.0401369e+01
   2.0100915e+07   3.1640598e+01   3.8154310e+01  -1.9843309e+01  -7.4543384e+01  -6.4026640e+01
   2.0101015e+07  -2.3950330e+01   1.5530425e+01  -4.9729572e+01  -1.1628002e+02  -8.8942707e+01
   2.0101115e+07  -2.3022430e+01   2.4547352e+01  -2.4183248e+01  -8.3711877e+01  -3.8386438e+01
   2.0101215e+07  -2.9394744e+01  -2.2078233e+00  -2.1582882e+01  -4.4620498e+01  -1.8253517e+01
   2.0110115e+07   2.0198660e+01   2.5092848e+01   4.8291593e+01   5.4568384e+01   1.0208425e+02
   2.0110215e+07   7.6830425e+01   6.9707475e+01   8.9316105e+01   9.6554132e+01   1.5037447e+02
   2.0110315e+07   1.2189213e+02   1.0123972e+02   1.3708168e+02   1.5807300e+02   2.1872252e+02
   2.0110415e+07   9.4794342e+01   4.8482818e+01   1.1686907e+02   1.6689934e+02   2.0567322e+02
   2.0110515e+07   6.8779584e+01  -2.3816649e+01   7.6017318e+01   1.7595021e+02   1.4530951e+02
   2.0110615e+07   9.7199482e+01  -6.4919500e-01   9.0157677e+01   1.7186087e+02   1.5271705e+02
   2.0110715e+07   5.1758724e+01   2.1341964e+01   6.7140403e+01   7.7061380e+01   1.2703679e+02
   2.0110815e+07   3.5492250e+01   4.4871228e+01   5.0907483e+01  -1.4619504e+00   9.8039602e+01
   2.0110915e+07  -2.1097060e+01   2.9771281e+01  -2.7820517e+00  -9.0803411e+01   1.9912801e+01
   2.0111015e+07  -3.3503753e+01   4.5820992e+01   9.6184215e+00  -8.2847641e+01   5.0416859e+01
   2.0111115e+07  -4.7943731e+01   3.7187649e+01  -7.1409364e+00  -7.5617525e+01   2.6398884e+01
   2.0111215e+07  -5.7212059e+01   1.4840652e+01  -3.6775094e+01  -7.8407784e+01  -2.7100738e+01
   2.0120115e+07  -6.9980835e+01  -1.8024784e+01  -3.6724486e+01  -3.4091890e+01  -1.6426492e+01
   2.0120215e+07  -1.1493585e+01   1.7965460e+01   1.9097559e+01   3.1273504e+01   5.8825478e+01
   2.0120315e+07   3.2877771e+01   3.7554821e+01   6.1201043e+01   1.0664125e+02   1.1919120e+02
   2.0120415e+07  -4.9099378e-01  -3.3681863e+01   3.3233865e+01   1.2237130e+02   9.6209668e+01
   2.0120515e+07   6.2479820e+00  -4.2505302e+01   2.2634412e+01   1.1350532e+02   7.2778706e+01
   2.0120615e+07  -4.5910702e+01  -8.2413573e+01  -2.7087332e+01   5.8159799e+01   7.9181373e+00
   2.0120715e+07  -9.2074059e+01  -7.8035596e+01  -5.8784927e+01  -4.8880408e+01  -3.5485141e+01
   2.0120815e+07  -1.1859598e+02  -6.5045814e+01  -1.0133097e+02  -1.5648893e+02  -1.1630813e+02
   2.0120915e+07  -1.1932019e+02  -2.5256864e+01  -8.8992799e+01  -1.8116241e+02  -9.6682767e+01
   2.0121015e+07  -1.2263602e+02  -8.6723654e+00  -7.6888452e+01  -1.6557501e+02  -7.1916230e+01
   2.0121115e+07  -1.1717375e+02  -3.0952376e+01  -7.5086516e+01  -1.0020206e+02  -6.7599560e+01
   2.0121215e+07  -1.0109171e+02  -3.9709757e+01  -2.0606484e+01   9.3213209e+00   3.6956962e+01
   2.0130115e+07  -6.9565060e+01  -1.2463858e+01   2.5305255e+01   5.5229144e+01   1.1149671e+02
   2.0130215e+07   3.4529999e+01   6.7748089e+01   1.1133949e+02   1.4941435e+02   2.1440265e+02
   2.0130315e+07  -3.3668136e+01  -1.8524783e+01   2.2598695e+01   8.0551881e+01   8.7452236e+01
   2.0130415e+07  -5.5432679e+01  -7.5534020e+01  -3.0792959e+01   5.5724889e+01  -7.1197051e-01
   2.0130515e+07  -2.2295807e+01  -5.6306665e+01  -8.5195984e+00   6.9475669e+01   2.2638601e+01
   2.0130615e+07  -3.1080262e+01  -4.8292896e+01  -1.9053203e+01   3.7384784e+01   4.7947815e+00
   2.0130715e+07  -4.0485862e+01  -1.6944462e+01  -3.2983911e+01  -4.6238981e+01  -2.8590057e+01
   2.0130815e+07  -5.5147405e+01  -9.0695261e+00  -6.0384225e+01  -1.0899354e+02  -8.1833219e+01
   2.0130915e+07  -7.6803799e+01  -7.0641631e-01  -7.2128893e+01  -1.4265685e+02  -9.7717933e+01
   2.0131015e+07  -5.1538997e+01   2.3259598e+01  -4.5551219e+01  -8.2157477e+01  -6.3645931e+01
   2.0131115e+07  -1.1053618e+02  -4.5067532e+01  -1.1328638e+02  -1.1791393e+02  -1.5696463e+02
   2.0131215e+07  -1.1373883e+02  -5.4633150e+01  -1.1296922e+02  -9.2174492e+01  -1.5101770e+02
   2.0140115e+07  -2.7524360e+01   1.7591527e+01  -4.3079985e+01  -1.7577300e+01  -6.9953695e+01
   2.0140215e+07  -2.0011246e+01  -3.5805776e+00  -4.3113690e+01   9.6023509e+00  -7.5472964e+01
   2.0140315e+07  -3.1213748e+01  -4.5611334e+01  -5.7190078e+01   1.9847286e+01  -8.9301283e+01
   2.0140415e+07  -1.7608274e+01  -6.7343560e+01  -4.1030389e+01   7.0208818e+01  -5.8588385e+01
   2.0140515e+07  -3.0420787e+01  -1.0307153e+02  -6.5588911e+01   6.4885535e+01  -9.3031615e+01
   2.0140615e+07  -2.4747268e+00  -4.6735209e+01  -4.1843922e+01   3.0632734e+01  -7.1327839e+01
   2.0140715e+07  -7.1761124e+01  -9.0453390e+01  -1.2563139e+02  -1.0029559e+02  -2.0176624e+02
   2.0140815e+07  -6.1853397e+01  -4.5240556e+01  -1.0208996e+02  -1.1913910e+02  -1.6690804e+02
   2.0140915e+07  -9.2624527e+01  -4.9183780e+01  -1.3340218e+02  -1.7810124e+02  -2.1247661e+02
   2.0141015e+07  -8.8494431e+01  -2.9277392e+01  -1.2174832e+02  -1.6453059e+02  -1.9615427e+02
   2.0141115e+07  -1.3351144e+02  -1.0031664e+02  -1.6058402e+02  -1.3078714e+02  -2.3902640e+02
   2.0141215e+07  -6.3688751e+01  -2.8226185e+01  -5.1222682e+01  -4.0130125e+00  -6.5494538e+01
   2.0150115e+07  -8.6369501e+00   1.8628231e+00  -2.8817339e+01   1.4415783e+01  -5.9572461e+01
   2.0150215e+07  -8.3748180e+00   3.2931984e+00  -2.1162740e+01   1.1862034e+01  -4.4751284e+01
   2.0150315e+07   2.7092008e+01   8.7439676e+00  -3.5331831e+00   5.0583505e+01  -2.7196676e+01
   2.0150415e+07  -2.2202139e+01  -4.5581470e+01  -3.3898073e+01   4.2180601e+01  -5.2126086e+01
   2.0150515e+07   3.5458068e+01   3.1095888e+00   1.1607433e+01   7.3246249e+01  -1.6902727e+00
   2.0150615e+07   7.2575064e+01   2.5357314e+01   5.5636952e+00   4.0636839e+01  -4.4723937e+01
   2.0150715e+07   4.7049659e+00   2.4154009e+00  -5.6243342e+01  -7.0500791e+01  -1.3185438e+02
   2.0150815e+07  -4.3484819e+01  -1.5111023e+01  -9.2883073e+01  -1.3680610e+02  -1.7752447e+02
   2.0150915e+07  -6.5913719e+01  -2.6775820e+01  -1.1119374e+02  -1.3619459e+02  -1.9701496e+02
   2.0151015e+07  -1.0179653e+02  -5.4947909e+01  -1.4430277e+02  -1.7148908e+02  -2.4150192e+02
   2.0151115e+07  -7.8380447e+01  -2.6241427e+01  -1.0541227e+02  -9.2377629e+01  -1.8121890e+02
   2.0151215e+07  -2.4976292e+01   1.6079140e+01  -4.7829382e+01  -8.5673642e+00  -1.0922104e+02
   2.0160115e+07   4.0032258e+01   7.4136259e+01   2.8734165e+01   5.4618543e+01   9.0356181e-01
   2.0160215e+07   5.6362790e+01   5.7719319e+01   5.0778431e+01   9.2687024e+01   3.9943671e+01
   2.0160315e+07   5.5596250e+01   3.3836030e+01   5.2784999e+01   1.0928476e+02   5.3577886e+01
   2.0160415e+07   2.4578701e+01  -1.9316087e+01   2.3122049e+01   8.4856617e+01   2.0799577e+01
   2.0160515e+07   6.6323447e+01   1.2952545e+01   3.7035150e+01   7.4151504e+01   2.0457183e+01
   2.0160615e+07   6.5307778e+01   1.5128533e+01   1.3686397e+01   3.4521743e+01  -3.1945994e+01
   2.0160715e+07   1.2566673e+00  -1.0937289e+01  -3.2017082e+01  -4.4189355e+01  -8.5821228e+01
   2.0160815e+07  -1.4942040e+01  -1.1063182e+00  -5.4515615e+01  -9.1642833e+01  -1.2246133e+02
   2.0160915e+07  -8.7735885e+00   3.3021632e+01  -4.3410382e+01  -9.8504067e+01  -1.1146869e+02
   2.0161015e+07  -5.2986237e+01  -2.6492881e+01  -7.2875313e+01  -6.9087498e+01  -1.3563502e+02
   2.0161115e+07  -7.8329440e+01  -4.5691208e+01  -6.3164867e+01  -3.7573267e+01  -9.9945285e+01
   2.0161215e+07  -3.0759223e+01  -3.3548710e+00  -5.5408139e+00   2.8586019e+01  -1.5794335e+01
   2.0170115e+07   5.5390430e+01   7.6679538e+01   9.2150436e+01   1.0427824e+02   1.2720655e+02
   2.0170215e+07   7.1238398e+01   6.2038484e+01   1.2280037e+02   1.5523078e+02   1.8966861e+02
   2.0170315e+07   4.1966030e+01   1.7709329e+01   1.0371292e+02   1.5015578e+02   1.8122296e+02
   2.0170415e+07   8.9871737e+01   6.8112779e+00   1.2213662e+02   2.1860077e+02   1.9386194e+02
   2.0170515e+07   1.2219659e+02   1.3083570e+01   1.2321497e+02   2.2464892e+02   1.7328102e+02
   2.0170615e+07   5.8655529e+01  -1.9005715e+01   4.8601551e+01   9.6545153e+01   5.6480990e+01
   2.0170715e+07   2.8163870e+01  -3.7658027e+00   3.8301279e+01   3.0482638e+01   4.9093857e+01
   2.0170815e+07   1.8098934e+01   2.3261378e+01   2.3511084e+01  -3.2078169e+01   1.8931020e+01
   2.0170915e+07  -3.7669043e+01   1.5090333e+01  -1.4309671e+01  -1.0861284e+02  -2.6060446e+01
   2.0171015e+07  -6.8831115e+00   2.2917585e+01   1.1347766e+01  -2.6022130e+01   3.0596088e+00
   2.0171115e+07  -2.6120468e+01   1.9949832e+00   9.0941806e+00   2.9412991e+00   1.3379078e+01
   2.0171215e+07  -1.0285627e+01   1.1122104e+01   3.0974835e+01   4.3092563e+01   4.7087942e+01
   2.0180115e+07   2.8037089e+01   2.7842927e+01   5.8543617e+01   9.3707341e+01   7.7388830e+01
   2.0180215e+07   2.4654930e+00  -3.0876768e+01   2.9360579e+01   1.1060443e+02   5.0222316e+01
   2.0180315e+07  -3.1836239e+01  -5.7872075e+01   2.1225191e+01   8.9538127e+01   6.3851638e+01
   2.0180415e+07   4.0296117e+01  -3.5224052e+01   6.2631032e+01   1.5815906e+02   1.0859920e+02
   2.0180515e+07   9.0103112e+01  -7.0197534e+00   6.6299704e+01   1.3617372e+02   8.1153561e+01
   2.0180615e+07   5.2487719e+01  -7.1890016e+00   4.0121039e+01   6.3638683e+01   4.6514887e+01
   2.0180715e+07   2.1433502e+01  -9.6920500e+00   1.7886184e+01   1.4234010e+01   1.8041342e+01
   2.0180815e+07   1.2806055e+01   3.4506928e+01   1.9986919e+01  -5.1562956e+01   1.7449213e+01
   2.0180915e+07  -7.4031352e+01  -2.0158939e+01  -4.5037521e+01  -1.1995501e+02  -5.6118486e+01
   2.0181015e+07  -2.6148353e+01   4.7239339e+01  -5.8237364e+00  -9.0829398e+01  -1.6326809e+01
   2.0181115e+07  -1.4811633e+01   4.9383074e+01  -3.4736491e+00  -6.3844185e+01  -2.0668605e+01
   2.0181215e+07  -3.0301803e+01   5.0901436e+01   2.1238821e+00  -6.7610024e+01   2.2199395e+00
   2.0190115e+07   2.8471882e+00   5.7008735e+01   3.9796541e+01   2.8462096e+00   6.1508689e+01
   2.0190215e+07  -4.3153269e+01   1.0552922e+01   3.0831432e+01   3.8751119e+00   8.7132190e+01
   2.0190315e+07   7.7184425e+01   8.2793352e+01   1.4918983e+02   1.4531906e+02   2.5199399e+02
   2.0190415e+07   9.6059072e+01   5.0401766e+01   1.3270197e+02   1.4669031e+02   2.0942802e+02
   2.0190515e+07   9.9786640e+01   4.0012233e+01   9.4386879e+01   8.4143290e+01   1.3155988e+02
   2.0190615e+07   1.2307873e+02   6.3298099e+01   1.2130786e+02   9.6315266e+01   1.6674827e+02
   2.0190715e+07   1.0675132e+02   6.3060496e+01   1.0739139e+02   7.0727533e+01   1.5101287e+02
   2.0190815e+07   3.8804717e+01   5.7612789e+01   6.3373042e+01  -3.3267653e+01   1.0334906e+02
   2.0190915e+07   1.9333602e+01   5.2242550e+01   5.0042489e+01  -3.5633628e+01   8.7099553e+01
   2.0191015e+07   1.9270253e+01   6.6212427e+01   4.6368558e+01  -2.9895315e+01   7.5291497e+01
   2.0191115e+07   1.6904566e+01   8.0081432e+01   3.4909048e+01  -4.3147363e+01   5.3438661e+01
   2.0191215e+07   4.9363006e+01   1.3312256e+02   9.1922257e+01  -6.0547118e-01   1.4469565e+02
   2.0200115e+07   4.6003667e+01   1.0312618e+02   9.2073530e+01   4.5661298e+01   1.5694107e+02
   2.0200215e+07   1.7228517e+01   1.6417032e+01   6.3613308e+01   8.5875978e+01   1.2960659e+02
   2.0200315e+07   7.9800604e+01   5.0856684e+01   7.8742201e+01   1.0259531e+02   1.2061728e+02
   2.0200415e+07   1.0130876e+02   5.3343907e+01   7.7061689e+01   9.3823701e+01   1.0688635e+02
   2.0200515e+07   1.1759221e+02   4.6074374e+01   7.8054857e+01   1.0210200e+02   9.8243780e+01
   2.0200615e+07   6.9730630e+01  -2.2996317e+01   3.9145136e+01   9.4547426e+01   5.8273563e+01
   2.0200715e+07   8.3268512e+01   1.2832197e+01   4.2511895e+01   5.6897217e+01   5.1408847e+01
   2.0200815e+07   2.6410724e+01   1.6296097e+01   1.1699192e+01  -4.3499132e+01   1.7510600e+01
   2.0200915e+07   5.5597418e+01   8.8093677e+01   4.3404374e+01  -5.5221821e+01   5.1047839e+01
   2.0201015e+07   5.9100490e+01   1.1800747e+02   5.0047575e+01  -5.8646515e+01   5.4730217e+01
   2.0201115e+07   6.2540670e-01   5.6493571e+01  -5.2721776e+00  -7.6202970e+01  -1.2442044e+01
   2.0201215e+07  -2.2067108e+01   2.0751961e+01  -1.0194822e+01  -3.7043185e+01  -4.5105092e+00
   2.0210115e+07  -5.2716663e+01  -3.9312450e+01  -2.7270030e+01  -4.0363432e+00  -8.1854794e+00
   2.0210215e+07   7.6072450e+00  -2.5888146e+01   1.8211444e+01   8.1682395e+01   5.2852739e+01
   2.0210315e+07   5.9278950e+01   7.6312131e+00   4.9612154e+01   1.1856437e+02   8.1570262e+01
   2.0210415e+07   2.3399899e+01  -6.0802004e+01  -3.7700960e+01   3.7806285e+01  -6.9878789e+01
   2.0210515e+07   3.1385209e+01  -8.0115790e+01  -3.3566854e+01   5.1376599e+01  -6.2988211e+01
   2.0210615e+07  -2.1623046e+01  -1.2064236e+02  -7.0811890e+01   4.2234093e+00  -1.0343663e+02
   2.0210715e+07  -2.9002327e+01  -6.8751736e+01  -6.1739635e+01  -7.6590784e+01  -9.6795532e+01
   2.0210815e+07  -2.8008623e+00  -8.1417814e-01  -2.3124358e+01  -8.9603739e+01  -4.4318654e+01
   2.0210915e+07  -7.2165375e-02   3.0939843e+01  -2.8578836e+01  -1.3487589e+02  -6.7487180e+01
   2.0211015e+07   4.8777817e+00   4.1416109e+01  -2.0446668e+01  -1.0728893e+02  -5.4466054e+01
   2.0211115e+07  -3.2335917e+01   9.3539151e-01  -2.2310805e+01  -6.1765018e+01  -2.8925114e+01
   2.0211215e+07  -9.4737715e+01  -5.2557720e+01  -6.3469407e+01  -8.0421679e+01  -6.3561669e+01
   2.0220115e+07  -1.1624151e+02  -1.0099191e+02  -6.6444662e+01  -4.6895507e+01  -4.6565535e+01
   2.0220215e+07  -7.3395827e+00  -2.1019982e+01   1.9058085e-01   2.0869039e+01   1.4063295e+01
   2.0220315e+07  -3.4945595e+00  -3.9827485e+01  -1.3815316e+01   1.9624744e+01  -1.2598971e+01
   2.0220415e+07  -3.7938898e+01  -1.0826196e+02  -6.6420818e+01   1.1778673e+01  -9.2814545e+01
   2.0220515e+07  -2.5501651e+01  -1.2763690e+02  -5.2681090e+01   6.7116274e+01  -6.8952965e+01
   2.0220615e+07  -2.9912865e+01  -1.3945363e+02  -6.7901043e+01   4.8239027e+01  -9.2564221e+01
   2.0220715e+07  -6.6809671e+01  -1.3688526e+02  -8.0256128e+01  -2.0239237e+01  -1.0050362e+02
   2.0220815e+07  -3.4535389e+01  -4.3780304e+01  -5.2898128e+01  -9.7372714e+01  -8.4732702e+01
   2.0220915e+07  -9.5274879e+01  -4.9737174e+01  -1.0323931e+02  -2.0123591e+02  -1.5494259e+02
   2.0221015e+07  -7.4960679e+01  -2.3103830e+01  -9.3999515e+01  -1.9172208e+02  -1.5388359e+02
   2.0221115e+07  -9.0510501e+01  -3.0909483e+01  -8.9492498e+01  -1.4720763e+02  -1.3040862e+02
   2.0221215e+07  -1.3849678e+02  -7.2178200e+01  -1.1085987e+02  -1.5104344e+02  -1.3369207e+02
