  -1.1721505e+02   3.1983444e+01
  -1.1764516e+02   3.2586093e+01
  -1.1807527e+02   3.3188742e+01
  -1.1921505e+02   3.3791391e+01
  -1.2048387e+02   3.4115894e+01
  -1.2087097e+02   3.4301325e+01
  -1.2110753e+02   3.4764901e+01
  -1.2149462e+02   3.5321192e+01
  -1.2201075e+02   3.6201987e+01
  -1.2261290e+02   3.6804636e+01
  -1.2323656e+02   3.7453642e+01
  -1.2381720e+02   3.8380795e+01
  -1.2413978e+02   3.8751656e+01
  -1.2461290e+02   4.0188742e+01
  -1.2448387e+02   4.1486755e+01
  -1.2493548e+02   4.2738411e+01
  -1.2469892e+02   4.3990066e+01
  -1.2446237e+02   4.5195364e+01
  -1.2413978e+02   4.5705298e+01
  -1.2435484e+02   4.6493377e+01
  -1.2472043e+02   4.7281457e+01
  -1.2545161e+02   4.8486755e+01
  -1.2652688e+02   4.9135762e+01
  -1.2721505e+02   4.9506623e+01
  -1.2770968e+02   4.9877483e+01
  -1.2766667e+02   5.0990066e+01
  -1.2755914e+02   5.1360927e+01
  -1.2665591e+02   5.1407285e+01
  -1.2570968e+02   5.1314570e+01
  -1.2452688e+02   5.1036424e+01
  -1.2355914e+02   5.0990066e+01
  -1.2241935e+02   5.1036424e+01
  -1.2175269e+02   5.0804636e+01
  -1.2110753e+02   4.9877483e+01
  -1.2056989e+02   4.9692053e+01
  -1.1983871e+02   5.1221854e+01
  -1.1902151e+02   5.2009934e+01
  -1.1796774e+02   5.1917219e+01
  -1.1717204e+02   5.1546358e+01
  -1.1594624e+02   5.1592715e+01
  -1.1530108e+02   5.2056291e+01
  -1.1422581e+02   5.2844371e+01
  -1.1287097e+02   5.2983444e+01
  -1.1112903e+02   5.2983444e+01
  -1.1001075e+02   5.2473510e+01
  -1.0867742e+02   5.1453642e+01
  -1.0788172e+02   5.0062914e+01
  -1.0708602e+02   4.9506623e+01
  -1.0586022e+02   4.8857616e+01
  -1.0480645e+02   4.8115894e+01
  -1.0381720e+02   4.8208609e+01
  -1.0267742e+02   4.7605960e+01
  -1.0198925e+02   4.7096026e+01
  -1.0265591e+02   4.4685430e+01
  -1.0248387e+02   4.3155629e+01
  -1.0241935e+02   4.1162252e+01
  -1.0198925e+02   3.9168874e+01
  -1.0166667e+02   3.7407285e+01
  -1.0147312e+02   3.5135762e+01
  -1.0160215e+02   3.2632450e+01
  -1.0201075e+02   3.0221854e+01
  -1.0239785e+02   2.9572848e+01
  -1.0403226e+02   2.9433775e+01
  -1.0429032e+02   3.0268212e+01
  -1.0469892e+02   3.0778146e+01
  -1.0570968e+02   3.1009934e+01
  -1.0633333e+02   3.0963576e+01
  -1.0680645e+02   3.0870861e+01
  -1.0764516e+02   3.1149007e+01
  -1.0895699e+02   3.1195364e+01
  -1.1037634e+02   3.0963576e+01
  -1.1119355e+02   3.0824503e+01
  -1.1261290e+02   3.0870861e+01
  -1.1426882e+02   3.1149007e+01
  -1.1517204e+02   3.1566225e+01
  -1.1538710e+02   3.2864238e+01
  -1.1590323e+02   3.3142384e+01
  -1.1648387e+02   3.2632450e+01
  -1.1682796e+02   3.2029801e+01
  -1.1721505e+02   3.1983444e+01
