  -1.1709173e+02   3.2435762e+01
  -1.1634913e+02   3.2547020e+01
  -1.1525706e+02   3.2584106e+01
  -1.1473286e+02   3.2027815e+01
  -1.1359711e+02   3.1619868e+01
  -1.1267977e+02   3.1471523e+01
  -1.1101983e+02   3.1434437e+01
  -1.0975302e+02   3.1694040e+01
  -1.0826781e+02   3.1805298e+01
  -1.0686996e+02   3.1545695e+01
  -1.0617103e+02   3.0878146e+01
  -1.0542843e+02   3.0581457e+01
  -1.0394321e+02   2.9988079e+01
  -1.0250168e+02   3.0321854e+01
  -1.0210853e+02   3.2324503e+01
  -1.0197749e+02   3.5031788e+01
  -1.0210853e+02   3.7405298e+01
  -1.0245800e+02   3.9222517e+01
  -1.0293851e+02   4.1188079e+01
  -1.0289483e+02   4.3079470e+01
  -1.0320060e+02   4.4562914e+01
  -1.0250168e+02   4.6973510e+01
  -1.0350638e+02   4.7566887e+01
  -1.0569052e+02   4.7974834e+01
  -1.0726310e+02   4.9124503e+01
  -1.0804940e+02   4.9680795e+01
  -1.0896673e+02   5.0682119e+01
  -1.0992776e+02   5.1572185e+01
  -1.1110719e+02   5.2499338e+01
  -1.1206821e+02   5.2610596e+01
  -1.1390289e+02   5.2462252e+01
  -1.1460181e+02   5.2017219e+01
  -1.1521337e+02   5.1535099e+01
  -1.1569388e+02   5.1090066e+01
  -1.1717910e+02   5.1238411e+01
  -1.1875168e+02   5.1498013e+01
  -1.1953797e+02   5.0978808e+01
  -1.1984375e+02   5.0274172e+01
  -1.2006216e+02   4.9532450e+01
  -1.2049899e+02   4.8976159e+01
  -1.2141633e+02   4.9421192e+01
  -1.2202789e+02   5.0125828e+01
  -1.2250840e+02   5.0533775e+01
  -1.2346942e+02   5.0570861e+01
  -1.2429940e+02   5.0274172e+01
  -1.2530410e+02   5.0607947e+01
  -1.2705141e+02   5.0978808e+01
  -1.2831821e+02   5.0904636e+01
  -1.2818716e+02   5.0422517e+01
  -1.2783770e+02   4.9940397e+01
  -1.2731351e+02   4.9680795e+01
  -1.2678931e+02   4.9272848e+01
  -1.2613407e+02   4.9013245e+01
  -1.2574093e+02   4.8605298e+01
  -1.2526042e+02   4.8234437e+01
  -1.2491095e+02   4.7789404e+01
  -1.2460517e+02   4.7233113e+01
  -1.2469254e+02   4.6676821e+01
  -1.2429940e+02   4.6157616e+01
  -1.2412466e+02   4.5415894e+01
  -1.2447413e+02   4.4859603e+01
  -1.2456149e+02   4.4154967e+01
  -1.2477991e+02   4.3561589e+01
  -1.2499832e+02   4.2819868e+01
  -1.2491095e+02   4.2523179e+01
  -1.2473622e+02   4.2041060e+01
  -1.2464886e+02   4.1596026e+01
  -1.2438676e+02   4.1373510e+01
  -1.2438676e+02   4.1002649e+01
  -1.2456149e+02   4.0668874e+01
  -1.2469254e+02   4.0298013e+01
  -1.2443044e+02   4.0038411e+01
  -1.2429940e+02   3.9593377e+01
  -1.2416835e+02   3.8666225e+01
  -1.2360047e+02   3.8147020e+01
  -1.2329469e+02   3.7590728e+01
  -1.2277050e+02   3.7034437e+01
  -1.2242103e+02   3.6478146e+01
  -1.2198421e+02   3.6070199e+01
  -1.2154738e+02   3.5513907e+01
  -1.2128528e+02   3.4920530e+01
  -1.2097950e+02   3.4364238e+01
  -1.2006216e+02   3.4141722e+01
  -1.1940692e+02   3.3919205e+01
  -1.1866431e+02   3.3696689e+01
  -1.1809644e+02   3.3177483e+01
  -1.1774698e+02   3.2806623e+01
  -1.1709173e+02   3.2435762e+01
